# Vox Shape
# verts;
v
1,1,1;-1,1,1;1,1,-1;-1,1,-1;
1,-1,1;-1,-1,1;1,-1,-1;-1,-1,-1;
1,1,1;1,1,-1;1,-1,1;1,-1,-1;
-1,1,1;1,1,-1;1,-1,1;1,-1,-1;
-1,1,1;-1,1,-1;-1,-1,1;-1,-1,-1;
1,1,1;-1,1,1;1,-1,1;-1,-1,1;
1,1,-1;-1,1,-1;1,-1,-1;-1,-1,-1;

# norms;
n
0,1,0;0,1,0;0,1,0;0,1,0;
0,-1,0;0,-1,0;0,-1,0;0,-1,0;
1,0,0;1,0,0;1,0,0;1,0,0;
-1,0,0;-1,0,0;-1,0,0;-1,0,0;
0,0,1;0,0,1;0,0,1;0,0,1;
0,0,-1;0,0,-1;0,0,-1;0,0,-1;

# tris;
u0, 2, 3, 3, 1, 0;
d7, 6, 4, 4, 5, 7;
f8, 11, 9, 8, 10, 11;
b12, 13, 15, 12, 15, 14;
l19, 18, 16, 17, 19, 16;
r20, 22, 23, 20, 23, 21;